100	73.66667
1000	74.3
1099	74.343475
1199	79.27343
11999	70.5
1200	91.5
1288	84.0
1289	88.0
129	30.0
1299	75.84767
1300	78.0
1337	59.0
139	100.0
1399	75.92789
149	92.5
14900	90.0
1495	89.5
1499	76.22739
14999	83.125
150	68.0
1500	68.25
159	91.0
1599	75.64224
1699	67.456924
17900	92.0
1799	72.74707
187	75.0
18900	97.0
1899	69.49896
1929	90.0
1969	54.0
199	76.459656
1990	84.0
19900	82.0
1995	92.0
1999	75.09929
19999	49.5
200	63.0
2000	76.3
2099	78.25
2109	92.0
2199	67.0
2299	83.0
2399	95.25
249	74.166664
2499	75.98612
2699	57.0
279	90.0
2800	65.0
299	75.13241
2995	69.0
2999	73.4783
300	46.0
3000	80.0
3199	78.0
32000	94.0
3299	46.0
333	66.0
349	85.0
3499	77.78232
35900	61.0
37000	66.0
399	73.250305
39900	44.0
3999	74.62363
39999	53.0
400	69.0
4000	92.0
449	86.0
4499	73.65
4900	85.0
499	73.48934
4999	71.854645
50	78.0
519	84.0
5200	65.0
549	75.833336
5499	69.92857
5599	56.0
565	94.0
599	76.31431
5995	67.0
5999	70.72302
649	98.0
6499	82.5
666	50.0
699	74.48863
6999	71.59524
700	93.0
749	77.90476
7499	86.5
799	76.50258
7999	80.925
800	70.0
8499	76.0
898	60.0
899	76.07599
8999	80.375
950	100.0
969	86.0
98	57.0
99	70.08443
995	61.0
998	100.0
999	75.10549
9999	78.38125
